export const LMS_Oklab = [
  [0.2104542553, 0.793617785, -0.0040720468],
  [1.9779984951, -2.428592205, 0.4505937099],
  [0.0259040371, 0.7827717662, -0.808675766],
];

export const OkLab_LMSg = [
  [0.99999999845051981432, 0.39633779217376785678, 0.21580375806075880339],
  [1.0000000088817607767, -0.1055613423236563494, -0.063854174771705903402],
  [1.0000000546724109177, -0.089484182094965759684, -1.2914855378640917399],
];

export const XYZ_LMS = [
  [0.8190224432164319, 0.3619062562801221, -0.12887378261216414],
  [0.0329836671980271, 0.9292868468965546, 0.03614466816999844],
  [0.048177199566046255, 0.26423952494422764, 0.6335478258136937],
];

export const LMS_XYZ = [
  [1.2268798733741557, -0.5578149965554813, 0.28139105017721583],
  [-0.04057576262431372, 1.1122868293970594, -0.07171106666151701],
  [-0.07637294974672142, -0.4214933239627914, 1.5869240244272418],
];

export const XYZ_to_RGB = [
  [3.2409699419045226, -1.537383177570094, -0.4986107602930034],
  [-0.9692436362808796, 1.8759675015077202, 0.04155505740717559],
  [0.05563007969699366, -0.20397695888897652, 1.0569715142428786],
];

export const LRGB_XYZ = [
  [0.41239079926595934, 0.357584339383878, 0.1804807884018343],
  [0.21263900587151027, 0.715168678767756, 0.07219231536073371],
  [0.01933081871559182, 0.11919477979462598, 0.9505321522496607],
];
