export const LMS_Oklab = [
  [0.210454268309314, 0.7936177747023054, -0.0040720430116193],
  [1.9779985324311684, -2.4285922420485799, 0.450593709617411],
  [0.0259040424655478, 0.7827717124575296, -0.8086757549230774],
];

export const OkLab_LMSg = [
  [1.0, 0.3963377773761749, 0.2158037573099136],
  [1.0, -0.1055613458156586, -0.0638541728258133],
  [1.0, -0.0894841775298119, -1.2914855480194092],
];

export const XYZ_LMS = [
  [0.819022437996703, 0.3619062600528904, -0.1288737815209879],
  [0.0329836539323885, 0.9292868615863434, 0.0361446663506424],
  [0.0481771893596242, 0.2642395317527308, 0.6335478284694309],
];

export const LMS_XYZ = [
  [1.2268798758459243, -0.5578149944602171, 0.2813910456659647],
  [-0.0405757452148008, 1.112286803280317, -0.0717110580655164],
  [-0.0763729366746601, -0.4214933324022432, 1.5869240198367816],
];

export const XYZ_to_RGB = [
  [3.2409699419045226, -1.537383177570094, -0.4986107602930034],
  [-0.9692436362808796, 1.8759675015077202, 0.04155505740717559],
  [0.05563007969699366, -0.20397695888897652, 1.0569715142428786],
];

export const LRGB_XYZ = [
  [0.41239079926595934, 0.357584339383878, 0.1804807884018343],
  [0.21263900587151027, 0.715168678767756, 0.07219231536073371],
  [0.01933081871559182, 0.11919477979462598, 0.9505321522496607],
];
